0 0 0 0 0 0 0 0 0 0 0 0 
0 111111 11111111 11111111 11111111 11111111 11111111 11111111 11111111 11111111 11111100 0 
11 11000000 0 0 0 0 0 0 0 0 11 11000000 
11100 0 0 0 0 0 0 0 0 1000000 10000 111000 
100000 0 0 0 0 0 0 0 0 100000 100000 100 
1000000 0 0 0 0 0 0 0 0 10000 1000000 10 
1000000 0 0 0 0 0 0 0 0 1010 10000000 10 
1000000 0 0 0 0 0 0 0 0 111 0 10 
1000000 0 0 0 0 0 0 0 11111 11111111 11111111 11000010 
1000000 0 0 0 0 0 0 0 10000 0 0 1000010 
1001111 11111111 1100000 11000 0 0 0 0 10111 11111111 11111111 1000010 
1001111 11111111 1100000 11000 0 0 0 110000 10100 0 1 1000010 
1000000 1100000 1100000 11000 0 0 0 110000 10100 1110000 1110001 1000010 
1000000 1100000 110000 110000 0 0 0 110000 10100 10001000 10001001 1000010 
1000000 1100000 110000 110000 111110 110 1100 11111110 10101 101 100101 1000010 
1000000 1100000 110000 1100000 11111111 10000110 1100 11111110 10101 1110010 1110101 1000010 
1000000 1100000 11000 1100000 11000001 10000110 1100 110000 10101 101 100101 1000010 
1000000 1100000 11000 1100001 10000000 11000110 1100 110000 10100 10001000 10001001 1000010 
1000000 1100000 11000 11000001 10000000 11000110 1100 110000 10100 1110000 1110001 1000010 
1000000 1100000 1100 11000001 10000000 11000110 1100 110000 10100 0 1 1000010 
1000000 1100000 1100 11000001 10000000 11000110 1100 110000 10111 11111111 11111111 1000010 
1000000 1100000 1111 10000001 10000000 11000110 1100 110000 10000 0 0 1000010 
1000000 1100000 111 10000000 11000001 10000111 11100 110000 10101 1000000 10101 1000010 
1000000 1100000 111 10000000 11111111 10000011 11111100 111110 10010 10001010 10001010 1000010 
1000000 1100000 11 0 111110 1 11101100 11110 10101 1000000 10101 1000010 
1000000 0 0 0 0 0 0 0 10000 0 0 1000010 
1000000 0 0 0 0 0 0 0 11111 11111111 11111111 11000010 
100000 0 0 0 0 0 0 0 0 0 0 100 
11100 0 0 0 0 0 0 0 0 0 0 111000 
11 11000000 0 0 0 0 0 0 0 0 11 11000000 
0 111111 11111111 11111111 11111111 11111111 11111111 11111111 11111111 11111111 11111100 0 
0 0 0 0 0 0 0 0 0 0 0 0 